185277648216544
314866695361623
229596507132602
1567880180093885
1621154101454079
498470280203496
818653424829023
182192371890468
374122185972712
427770130678150
218579311606902
312458245524535
273821512781537
177030662414883
284426068337338
124453390944335
1505590039712708
499573746747392
1406196609630275
1385801374982532
1394063157493315
155906977789855
1482660112047589
186270044915827
721294484568487
361565390701448
469857609785063
234362640046475
147451125436451
448849078644641
435391526532489
101314756684324
155607927846403
159212600792917
322571641119675
154231414782879
248499748555948
13207707135
160923567261534
188769934554981
227548223951297
297906487086134
439612426147852
178398885547510
590508760980014
187601771317778
187237975890
226372967390495
1514312712172171
212476355598382
1457721281127357
1594970144084861
506428292857009
190284144333816
240310602717166
352582458146613
356820621175198
352654311595714
1520631111532585
192444247459561
105761502801130
254403838052747
254341751290043
213769902482
1628534637391756
1493707544217352
236313676396454
58103507185
8759374099
298970023499250
413790555372996
188222311192689
120138408046603
555077921239720
554488957972440
127695360687453
608631992497212
995903430421475
266213120151647
119158281512261
688542194521227
109118632492673
635325676502643
739556399417546
152546451509615
279819138845719
135987733108447
515129285233012
404750639635823
875809175780364
190204901318012
177839838908469
4961705100
694039560614782
618132251582168
325520387580010
242343239196027
180582565288134
534435003311451
256088857759347
11227787164
264112760304270
1419710848264402
158779607484367
16075054790
276163362432024
2380033244
1649305315357440
1479176175680561
418645411600694
118069508240400
166836916683560
1467189696828926
408559095920796
575896532481760
179464345554184
474475579358812
216365471906661
245468362221263
302358819782429
190871794308784
328526190538068
1654838054736056
123226574914
1632411786975989
205182422909757
168404423179216
121878174541474
515881615168097
117829314969372
686869691388832
2620211001
125478600795756
189656417827262
1449967868572361
585535381515290
120243800010
185506431623468
615318015209201
146655758731314
2379172162
244199545606702
675888529115782
11284014673
1400429976846104
153416955689
107919999314344
114263507811
145332799152983
120325378984
601778709964552
146266662140770
70461708425
9122205489
300873223380758
316056001913615
290961794284781
346681382504
808309819230149
136208556391924
106971397727
87838609593
626512687481613
21745646905
334693915037
204041919616141
175497669304023
139905452727452
690849744308478
225946900753971
219938835599
2381309690
844837368919389
68238749777
216166721847955
263664535425
473804609341290
206496809382849
910927292321805
108049295904718
363577750319812
474042086050781
121692197865801
377210999014112
340478266051409
8420173943
330446853709978
336365226446997
210111387071
104570320708
50597984765
82208439927
169081853134701
748687508592556
736262219811375
20041352064
177465798984061
145524582173058
1374866549412248
411990498869419
263107997116777
131777148375
1521015038121189
870640189649732
237375162952696
793031727407216
1416647378569034
1651839448390749
699314996825852
573501129404472
24238064545
577527272326366
140487546250
115325733745
86545289565
82368959240
276748762465765
37500297712
2251392155
2353038461
138176742866332
1426841510866512
995341103833338
147699651924207
52080722485
62078608888
2204870096
14859536425
114839441879173
130357647012251
6901690930
201213893248006
1499164747031396
20446491830
856896151065059
772067119507630
190442477779443
2259516997
521032201278403
92498384806
432452566933246
350562771727300
411254765700534
7150796188
634504553306393
4820844725
810757589038748
622476014434324
128523176416
158595500825332
43607353773
116106595069179
370891896326153
102985773693
2257135559
983360628410029
101509941941
1374723169448161
5179734177
962491713764775
10307431393
34465203415
2333299254
231723320234995
195282495506
134237187305
10620746642
34371374997
2245569989
5485608404
1705720459655661
131741526886514
133930819738
160845270621123
1600796310132625
115448165173227
1542691192661877
2220027572
1515884195351507
339895529539598
411568439008840
8700250118
5282567355
7467890950
147722612067414
404598823009276
2244258652
11029438078
12826988938
16531807067
14496990460
163583288866
22002159704
262273307449
8788045990
82073643992
10793083497
79596843892
109059515836808
167130420027495
375113992686590
207896191678
484856991652614
435117613327798
81468112997
108894452473648
46155333730
149754631798902
694508740676454
36677140296
85664307289
21088128129
114123692620
39249573727
31266232563
36674854374
39053233578
13637185231
784114271679412
84016759204
1411939502402424
21190509512
864453326962380
427832550581120
124712340894635
112520097707
24623992722
41790395403
17655098883
44826332696
89646364393
44669791791
10863898893
184452388190
93711750710
34993849565
139383586078050
32389935621
174828469240748
39971856679
228045317306004
99678112045
406756456197375
95232772217
892864204126436
30691827713
110128255679411
109363385749864
146661602030488
58687216118
136338286391116
18871748895
1459487284361731
24191556085
97598929396
824535494223273
54725597894
63760642173
589064141197042
49963664592
228963053945020
41911244125
225372339142
114597154573
48245255275
116285348411596
61477694518
98944166760
1376878622578293
54233297966
495981940087
128139038340
122248760735
132260133474419
351608788031
171517365544
138243191335
980921751947179
330827747126199
304493797492
122181830445
20934269650
340463926562
184065634939119
118329078191869
105650382808567
333740840158747
2380228775
7792619922
265055386375
330824980851
80806543375
313825710943
245166523394
1663159267249846
372858732597
113970279012
400289663404276
25977952153
116630681694912
122494213920
131475296903476
679012752156797
137017981160
335263587986
133969983312454
256073985061
130054347009581
34641101672
67224052517
308985086023
110765802272541
844144412308636
234356286619171
746274185483817
31074533200
253153142841
351125496564
1402442186713269
86205718731
865048433585921
6570549958
122516504428963
41713366173
37416621078
1435054996806095
6303895708
105204912853212
100193796723360
1543270492612273
87182394533
114640801914597
368368833339819
44885674727
150127355030741
308883819232505
1600376113507939
171892126186302
280766992017009
633886973414545
47901333163
959583760767662
1154114811281921
1546120765671256
1450580101839248
94285808150
761644690609005
801667023202090
677340865630594
118841094804056
1061680707178138
133311225154
10150089777235595
238540225578
334837670946
341504989251839
542434662556077
84316619106
119580651390515
129501487195837
28535674496
264184757029513
912157385500151
580885705313789
66507293972
1932809250277799
82150068698
110091205705429
102823279757783
566678240079431
550938308310530
209306707882
94437855231
1598908193680397
431946570333020
674385315926521
121206418217138
141854909228460
854676097921184
1689542777933369
628968613794776
641821792507048
562961317175001
823949764382169
167221626625881
54902303705
1554264121465403
101836636523309
149882490083
904488206286935
156059897588
687981491221672
448317355199850
128361100537922
896450270376676
1498449897122677
118107011559542
447295668755304
149411888497914
399939686774203
370089296435212
96844317274
295568295925
160819190638643
44337154790
903017079784383
812591965479110
168611400156679
156469104687555
101192743581372
195938390447890
280071752032561
844211075621676
335965896606241
184604001587309
446944728753620
116969468450505
364060313711059
1679526235594336
627829090687109
446935925340483
1509916465971469
489201554513289
1510053675928022
1620358904916058
267594626670773
109514936067116
1561537517421859
400057970098194
262038613990988
119448118192240
1191943370857798
1452033458397869
381074718753900
740811365971326
633938946748943
698878253542160
355262081216784
629121327109598
91818676649
855950637854377
944551265576143
331949020341608
427363534133389
1753733238187199
830815173606676
247924578696979
175769705961051
479118345550291
408091119258214
126737517488354
279498722106369
587561981258885
1661449357424131
992112304166760
1607811096140556
301298911954
297027827034366
658867104224141
467276730063939
1673282419617792
926804924038243
947128158635206
1494483550845953
1497149860569918
309662169100824
963418457050688
20978142610
231745323650920
248320511917774
678026439000469
1701645986717992
1491065977861841
477576269083446
1606828199552605
734250389984828
715236855153552
1540286262918270
172219109616365
444265245630538