843104059140223
398994970282420
426095920792360
1439280272958378
311685992299237
152825994830104
15979118497
1431141530438312
164569400330985
351465211599020
339628509550866
696990067002787
325593394165320
263646807074104
172337449480617
274264522750787
324329447693
225588814667
168342959909314
630372533732570
1396672277211292
531255870297942
297895487003185
487398977971139
228405910641758
724522387565694
859543994065029
347682935286411
785478004929135
754330187938886
444200805623278
327807377357186
619579241438349
732654950186109
177398879062017
694166247284671
145866882150768
241613782613923
462694983839431
1531271807193617
471220392892751
178725985530267
147779438720668
215778988474801
514443365336442
224927284244008
1391325187784769
46794724644
415789591791986
357375251004037
117790738277719
902948446391257
1104927402852942
148823148483588
10150104980705206
178569258934965
146369065502684
899943550062234
230350083779820
248010078553434
239345846076820
280383895475413
298220213618227
347281902169
198805153631193
304369462907024
101410029929950
92508680206
223952614413420
1388316251480146
149571765061454
421271968041331
329027260476952
544215508968633
1515055928786439
1485816368359024
232151010241011
408804172598453
1508088706118680
1405378559729352
406539119407194
566967926713966
196122773852015
105708159522535
240865215971432
586171878097070
436432593137292
440640472741314
48137462473
335492119906843
408218189237718
203564443016438
1412704999013269
337364203515
1606337426248593
301177293320969
368071953269891
606474216120154
58694448063
267169056728860
171017816262742
683862548389358
132896066745281
1383347871906325
72439926332
113914245335092
1394286587473640
336580286502526
112354805486818
573509866110649
136208556391924
330384727118353
274838362621355
1012568205436407
759490390788332
113643921994587
499093393540625
93377791999
191703136957
511165602230474
144641912342281
2394977981
146780945388418
1566393943612470
1427868644168672
1380985462230475
41290096828
133267456694303
1088211201203796
230460842908
590439474420728
1513315492244792
1393848334202772
217794251759071
662650473841841
160869440725703
157347006997
239568709396962
10091820473
57581485133
446242205396813
11480448483
687566824666881
1465824633649625
621095324624752
548196608647639
311698894756
637512879700846
204430809742524
286724698195481
161162305773
1405864453065805
285791522178
135796431830
758140597664543
126931660662242
313673011764
59676624770
104909272912629
153421771456671
158540144222074
451816358326952
264495062771
492045700853995
27069505995
205210599810489
1514449358845147
184819231583693
174097656024154
378696982182090
650791598298894
255614421207629
168589244789
1709812782575281
167384530025314
107489279270400
685368911563028
1382923915284795
105854302932527
340515829371803
455588887945544
293393827345929
253876884761597
703305333094424
813861885316841
189766071167263
360506467461032
1427640230835527